1,-3.188396,55.944425,300,-3.188246,55.94416519237887,rush.crown.link
2,-3.188246,55.94416519237887,300,-3.188096,55.943905384757734,cubs.trucks.help
3,-3.188096,55.943905384757734,60,-3.1879459999999997,55.94416519237887,null
4,-3.1879459999999997,55.94416519237887,50,-3.187753163717094,55.944395005711804,thank.salsa.brain
5,-3.187753163717094,55.944395005711804,10,-3.18745772139119,55.94444710016511,only.fairly.rift
6,-3.18745772139119,55.94444710016511,310,-3.1872648851082843,55.94421728683217,null
7,-3.1872648851082843,55.94421728683217,320,-3.1870350717753486,55.944024450549264,renew.ears.tend
8,-3.1870350717753486,55.944024450549264,230,-3.1872279080582544,55.94379463721633,null
9,-3.1872279080582544,55.94379463721633,240,-3.1873779080582545,55.943534829595194,shut.stands.media
10,-3.1873779080582545,55.943534829595194,300,-3.1872279080582544,55.94327502197406,null
11,-3.1872279080582544,55.94327502197406,290,-3.187125302015257,55.94299311418782,null
12,-3.187125302015257,55.94299311418782,300,-3.1869753020152567,55.94273330656669,strut.river.surely
13,-3.1869753020152567,55.94273330656669,50,-3.186782465732351,55.94296311989962,null
14,-3.186782465732351,55.94296311989962,60,-3.186632465732351,55.94322292752076,null
15,-3.186632465732351,55.94322292752076,120,-3.186782465732351,55.94348273514189,null
16,-3.186782465732351,55.94348273514189,30,-3.1865226581112154,55.94363273514189,null
17,-3.1865226581112154,55.94363273514189,30,-3.18626285049008,55.94378273514189,null
18,-3.18626285049008,55.94378273514189,20,-3.185980942703844,55.94388534118489,teams.mild.played
19,-3.185980942703844,55.94388534118489,110,-3.1860835487468417,55.94416724897113,organs.shape.fantastic
20,-3.1860835487468417,55.94416724897113,340,-3.185801640960606,55.944064642928126,null
21,-3.185801640960606,55.944064642928126,340,-3.1855197331743703,55.943962036885125,manliness.poem.cliff
22,-3.1855197331743703,55.943962036885125,70,-3.1854171271313727,55.94424394467136,null
23,-3.1854171271313727,55.94424394467136,60,-3.1852671271313726,55.9445037522925,acid.chair.butter
24,-3.1852671271313726,55.9445037522925,30,-3.185007319510237,55.944653752292496,slide.leads.stores
25,-3.185007319510237,55.944653752292496,50,-3.1848144832273313,55.94488356562543,null
26,-3.1848144832273313,55.94488356562543,50,-3.1846216469444255,55.94511337895837,null
27,-3.1846216469444255,55.94511337895837,60,-3.1844716469444254,55.9453731865795,settle.title.united
28,-3.1844716469444254,55.9453731865795,160,-3.184753554730661,55.9454757926225,null
29,-3.184753554730661,55.9454757926225,160,-3.185035462516897,55.9455783986655,null
30,-3.185035462516897,55.9455783986655,160,-3.1853173703031326,55.945681004708504,null
31,-3.1853173703031326,55.945681004708504,170,-3.1856128126290364,55.94573309916181,shed.desire.muddy
32,-3.1856128126290364,55.94573309916181,120,-3.1857628126290365,55.94599290678294,renew.slows.basket
33,-3.1857628126290365,55.94599290678294,200,-3.186044720415272,55.94589030073994,null
34,-3.186044720415272,55.94589030073994,210,-3.1863045280364077,55.94574030073994,posts.kicked.universally
35,-3.1863045280364077,55.94574030073994,230,-3.1864973643193135,55.945510487407006,null
36,-3.1864973643193135,55.945510487407006,240,-3.1866473643193136,55.94525067978587,dragon.bottle.crisp
37,-3.1866473643193136,55.94525067978587,280,-3.1865952698660136,55.944955237459965,null
38,-3.1865952698660136,55.944955237459965,300,-3.1864452698660135,55.94469542983883,null
39,-3.1864452698660135,55.94469542983883,320,-3.186215456533078,55.944502593555924,null
40,-3.186215456533078,55.944502593555924,320,-3.185985643200142,55.94430975727302,null
41,-3.185985643200142,55.94430975727302,320,-3.1857558298672064,55.94411692099011,null
42,-3.1857558298672064,55.94411692099011,320,-3.1855260165342707,55.943924084707206,null
43,-3.1855260165342707,55.943924084707206,320,-3.185296203201335,55.9437312484243,null
44,-3.185296203201335,55.9437312484243,320,-3.1850663898683993,55.94353841214139,sentences.sings.modern
45,-3.1850663898683993,55.94353841214139,190,-3.185361832194303,55.94348631768809,null
46,-3.185361832194303,55.94348631768809,190,-3.185657274520207,55.94343422323479,null
47,-3.185657274520207,55.94343422323479,190,-3.185952716846111,55.94338212878149,null
48,-3.185952716846111,55.94338212878149,190,-3.1862481591720146,55.943330034328184,null
49,-3.1862481591720146,55.943330034328184,250,-3.1863507652150123,55.943048126541946,null
50,-3.1863507652150123,55.943048126541946,180,-3.1866507652150124,55.943048126541946,null
51,-3.1866507652150124,55.943048126541946,180,-3.1869507652150126,55.943048126541946,null
52,-3.1869507652150126,55.943048126541946,180,-3.187250765215013,55.943048126541946,null
53,-3.187250765215013,55.943048126541946,180,-3.187550765215013,55.943048126541946,null
54,-3.187550765215013,55.943048126541946,180,-3.187850765215013,55.943048126541946,null
55,-3.187850765215013,55.943048126541946,170,-3.188146207540917,55.94310022099525,null
56,-3.188146207540917,55.94310022099525,180,-3.1884462075409172,55.94310022099525,groups.ideas.script
57,-3.1884462075409172,55.94310022099525,130,-3.188639043823823,55.943330034328184,system.speak.guard
58,-3.188639043823823,55.943330034328184,120,-3.188789043823823,55.94358984194932,null
59,-3.188789043823823,55.94358984194932,120,-3.188939043823823,55.94384964957045,null
60,-3.188939043823823,55.94384964957045,120,-3.1890890438238233,55.94410945719159,spoon.invest.every
61,-3.1890890438238233,55.94410945719159,180,-3.1893890438238235,55.94410945719159,null
62,-3.1893890438238235,55.94410945719159,180,-3.1896890438238237,55.94410945719159,cliff.asleep.wedge
63,-3.1896890438238237,55.94410945719159,210,-3.189948851444959,55.94395945719159,null
64,-3.189948851444959,55.94395945719159,220,-3.190178664777895,55.94376662090868,sculpture.shot.melon
65,-3.190178664777895,55.94376662090868,230,-3.1903715010608007,55.94353680757575,null
66,-3.1903715010608007,55.94353680757575,230,-3.1905643373437065,55.94330699424281,null
67,-3.1905643373437065,55.94330699424281,230,-3.1907571736266123,55.943077180909874,relate.chill.vest
68,-3.1907571736266123,55.943077180909874,180,-3.1910571736266125,55.943077180909874,else.urban.museum
69,-3.1910571736266125,55.943077180909874,110,-3.19115977966961,55.94335908869611,meal.feed.large
70,-3.19115977966961,55.94335908869611,90,-3.19115977966961,55.943659088696116,null
71,-3.19115977966961,55.943659088696116,80,-3.19110768521631,55.94395453102202,spicy.bunch.shady
72,-3.19110768521631,55.94395453102202,80,-3.19105559076301,55.94424997334793,paying.crowd.weep
73,-3.19105559076301,55.94424997334793,270,-3.19105559076301,55.94394997334793,null
74,-3.19105559076301,55.94394997334793,270,-3.19105559076301,55.943649973347924,null
75,-3.19105559076301,55.943649973347924,260,-3.19110768521631,55.94335453102202,null
76,-3.19110768521631,55.94335453102202,270,-3.19110768521631,55.943054531022014,null
77,-3.19110768521631,55.943054531022014,260,-3.19115977966961,55.94275908869611,along.spill.limp
78,-3.19115977966961,55.94275908869611,0,-3.19085977966961,55.94275908869611,null
79,-3.19085977966961,55.94275908869611,350,-3.190564337343706,55.942706994242805,null
80,-3.190564337343706,55.942706994242805,0,-3.190264337343706,55.942706994242805,null
81,-3.190264337343706,55.942706994242805,350,-3.189968895017802,55.9426548997895,null
82,-3.189968895017802,55.9426548997895,0,-3.189668895017802,55.9426548997895,hooked.shine.third
83,-3.189668895017802,55.9426548997895,110,-3.1897715010607994,55.94293680757574,null
84,-3.1897715010607994,55.94293680757574,70,-3.189668895017802,55.94321871536198,null
85,-3.189668895017802,55.94321871536198,70,-3.189566288974804,55.94350062314822,null
86,-3.189566288974804,55.94350062314822,70,-3.1894636829318066,55.943782530934456,null
87,-3.1894636829318066,55.943782530934456,70,-3.189361076888809,55.944064438720694,null
88,-3.189361076888809,55.944064438720694,70,-3.1892584708458114,55.94434634650693,null
89,-3.1892584708458114,55.94434634650693,80,-3.1892063763925114,55.94464178883284,null
90,-3.1892063763925114,55.94464178883284,70,-3.1891037703495138,55.94492369661908,null
91,-3.1891037703495138,55.94492369661908,80,-3.1890516758962137,55.945219138944985,null
92,-3.1890516758962137,55.945219138944985,70,-3.188949069853216,55.94550104673122,null
93,-3.188949069853216,55.94550104673122,80,-3.188896975399916,55.94579648905713,stops.else.chats
94,-3.188896975399916,55.94579648905713,330,-3.1886371677787806,55.94564648905713,null
95,-3.1886371677787806,55.94564648905713,340,-3.188355259992545,55.94554388301413,skills.less.herb
96,-3.188355259992545,55.94554388301413,170,-3.1886507023184487,55.945595977467434,null
97,-3.1886507023184487,55.945595977467434,170,-3.1889461446443526,55.945648071920736,null
98,-3.1889461446443526,55.945648071920736,170,-3.1892415869702564,55.94570016637404,null
99,-3.1892415869702564,55.94570016637404,170,-3.1895370292961602,55.94575226082734,null
100,-3.1895370292961602,55.94575226082734,170,-3.189832471622064,55.94580435528064,null
101,-3.189832471622064,55.94580435528064,170,-3.190127913947968,55.945856449733945,null
102,-3.190127913947968,55.945856449733945,170,-3.1904233562738717,55.94590854418725,null
103,-3.1904233562738717,55.94590854418725,170,-3.1907187985997756,55.94596063864055,null
104,-3.1907187985997756,55.94596063864055,180,-3.1910187985997758,55.94596063864055,simple.rust.audio
105,-3.1910187985997758,55.94596063864055,330,-3.1907589909786402,55.94581063864055,null
106,-3.1907589909786402,55.94581063864055,330,-3.1904991833575047,55.945660638640554,null
107,-3.1904991833575047,55.945660638640554,330,-3.190239375736369,55.945510638640556,null
108,-3.190239375736369,55.945510638640556,330,-3.1899795681152336,55.94536063864056,null
109,-3.1899795681152336,55.94536063864056,330,-3.189719760494098,55.94521063864056,null
110,-3.189719760494098,55.94521063864056,330,-3.1894599528729626,55.94506063864056,null
111,-3.1894599528729626,55.94506063864056,330,-3.189200145251827,55.944910638640565,null
112,-3.189200145251827,55.944910638640565,330,-3.1889403376306915,55.94476063864057,null
113,-3.1889403376306915,55.94476063864057,330,-3.188680530009556,55.94461063864057,null
114,-3.188680530009556,55.94461063864057,330,-3.1884207223884204,55.94446063864057,null
115,-3.1884207223884204,55.94446063864057,330,-3.188160914767285,55.94431063864057,null
