1,-3.188396,55.944425,260,-3.1884480944533,55.944129557674096,trades.rare.cable
2,-3.1884480944533,55.944129557674096,170,-3.188743536779204,55.9441816521274,null
3,-3.188743536779204,55.9441816521274,180,-3.189043536779204,55.9441816521274,spoon.invest.every
4,-3.189043536779204,55.9441816521274,100,-3.189095631232504,55.944477094453305,null
5,-3.189095631232504,55.944477094453305,100,-3.189147725685804,55.94477253677921,null
6,-3.189147725685804,55.94477253677921,100,-3.189199820139104,55.94506797910512,number.exist.rate
7,-3.189199820139104,55.94506797910512,10,-3.1889043778132002,55.94512007355842,null
8,-3.1889043778132002,55.94512007355842,10,-3.1886089354872964,55.94517216801172,rooms.lamp.teach
9,-3.1886089354872964,55.94517216801172,130,-3.188801771770202,55.94540198134466,shady.soft.phones
10,-3.188801771770202,55.94540198134466,10,-3.1885063294442983,55.94545407579796,skills.less.herb
11,-3.1885063294442983,55.94545407579796,170,-3.188801771770202,55.945506170251264,null
12,-3.188801771770202,55.945506170251264,160,-3.189083679556438,55.945608776294264,null
13,-3.189083679556438,55.945608776294264,170,-3.1893791218823417,55.94566087074757,museum.spicy.horns
14,-3.1893791218823417,55.94566087074757,90,-3.1893791218823417,55.94596087074757,coherent.saints.stuck
15,-3.1893791218823417,55.94596087074757,170,-3.1896745642082456,55.94601296520087,null
16,-3.1896745642082456,55.94601296520087,180,-3.1899745642082458,55.94601296520087,love.behind.orchestra
17,-3.1899745642082458,55.94601296520087,180,-3.190274564208246,55.94601296520087,null
18,-3.190274564208246,55.94601296520087,180,-3.190574564208246,55.94601296520087,null
19,-3.190574564208246,55.94601296520087,180,-3.1908745642082463,55.94601296520087,null
20,-3.1908745642082463,55.94601296520087,190,-3.19117000653415,55.94596087074757,simple.rust.audio
21,-3.19117000653415,55.94596087074757,240,-3.1913200065341503,55.945701063126435,null
22,-3.1913200065341503,55.945701063126435,240,-3.1914700065341504,55.9454412555053,null
23,-3.1914700065341504,55.9454412555053,240,-3.1916200065341505,55.94518144788417,hills.feels.tunes
24,-3.1916200065341505,55.94518144788417,190,-3.1919154488600543,55.945129353430865,null
25,-3.1919154488600543,55.945129353430865,180,-3.1922154488600545,55.945129353430865,useful.hike.trades
26,-3.1922154488600545,55.945129353430865,320,-3.191985635527119,55.94493651714796,null
27,-3.191985635527119,55.94493651714796,320,-3.191755822194183,55.94474368086505,null
28,-3.191755822194183,55.94474368086505,320,-3.1915260088612474,55.944550844582146,null
29,-3.1915260088612474,55.944550844582146,330,-3.191266201240112,55.94440084458215,null
30,-3.191266201240112,55.94440084458215,320,-3.191036387907176,55.94420800829924,null
31,-3.191036387907176,55.94420800829924,330,-3.1907765802860406,55.944058008299244,null
32,-3.1907765802860406,55.944058008299244,320,-3.190546766953105,55.94386517201634,null
33,-3.190546766953105,55.94386517201634,330,-3.1902869593319694,55.94371517201634,sculpture.shot.melon
34,-3.1902869593319694,55.94371517201634,290,-3.1901843532889718,55.9434332642301,arts.dish.scarcely
35,-3.1901843532889718,55.9434332642301,300,-3.1900343532889717,55.94317345660897,null
36,-3.1900343532889717,55.94317345660897,300,-3.1898843532889716,55.94291364898783,second.launch.miles
37,-3.1898843532889716,55.94291364898783,190,-3.1901797956148754,55.94286155453453,null
38,-3.1901797956148754,55.94286155453453,190,-3.1904752379407793,55.94280946008123,tonic.bliss.cove
39,-3.1904752379407793,55.94280946008123,130,-3.190668074223685,55.943039273414165,relate.chill.vest
40,-3.190668074223685,55.943039273414165,210,-3.1909278818448206,55.94288927341417,null
41,-3.1909278818448206,55.94288927341417,210,-3.191187689465956,55.94273927341417,along.spill.limp
42,-3.191187689465956,55.94273927341417,10,-3.1908922471400523,55.94279136786747,null
43,-3.1908922471400523,55.94279136786747,10,-3.1905968048141484,55.94284346232077,null
44,-3.1905968048141484,55.94284346232077,10,-3.1903013624882446,55.942895556774076,null
45,-3.1903013624882446,55.942895556774076,10,-3.1900059201623407,55.94294765122738,null
46,-3.1900059201623407,55.94294765122738,20,-3.189724012376105,55.94305025727038,null
47,-3.189724012376105,55.94305025727038,10,-3.189428570050201,55.94310235172368,null
48,-3.189428570050201,55.94310235172368,20,-3.1891466622639655,55.94320495776668,null
49,-3.1891466622639655,55.94320495776668,10,-3.1888512199380616,55.943257052219984,null
50,-3.1888512199380616,55.943257052219984,20,-3.188569312151826,55.943359658262985,null
51,-3.188569312151826,55.943359658262985,10,-3.188273869825922,55.94341175271629,null
52,-3.188273869825922,55.94341175271629,20,-3.1879919620396864,55.94351435875929,scare.cubs.resort
53,-3.1879919620396864,55.94351435875929,40,-3.1877621487067507,55.943707195042194,null
54,-3.1877621487067507,55.943707195042194,30,-3.187502341085615,55.94385719504219,begins.spider.drips
55,-3.187502341085615,55.94385719504219,10,-3.1872068987597113,55.943909289495494,null
56,-3.1872068987597113,55.943909289495494,20,-3.1869249909734756,55.944011895538495,renew.ears.tend
57,-3.1869249909734756,55.944011895538495,10,-3.1866295486475718,55.9440639899918,lime.learns.front
58,-3.1866295486475718,55.9440639899918,200,-3.1869114564338075,55.943961383948796,null
59,-3.1869114564338075,55.943961383948796,120,-3.1870614564338076,55.94422119156993,null
60,-3.1870614564338076,55.94422119156993,130,-3.1872542927167133,55.94445100490287,only.fairly.rift
61,-3.1872542927167133,55.94445100490287,30,-3.186994485095578,55.944601004902864,null
62,-3.186994485095578,55.944601004902864,0,-3.1866944850955776,55.944601004902864,artist.gets.react
63,-3.1866944850955776,55.944601004902864,60,-3.1865444850955775,55.944860812524,laws.merit.bleak
64,-3.1865444850955775,55.944860812524,120,-3.1866944850955776,55.94512062014513,null
65,-3.1866944850955776,55.94512062014513,130,-3.1868873213784834,55.94535043347807,spent.spoon.bolt
66,-3.1868873213784834,55.94535043347807,130,-3.187080157661389,55.945580246811005,diner.leaves.mutual
67,-3.187080157661389,55.945580246811005,320,-3.1868503443284535,55.9453874105281,null
68,-3.1868503443284535,55.9453874105281,300,-3.1867003443284534,55.945127602906965,null
69,-3.1867003443284534,55.945127602906965,300,-3.1865503443284533,55.94486779528583,null
70,-3.1865503443284533,55.94486779528583,300,-3.186400344328453,55.944607987664696,null
71,-3.186400344328453,55.944607987664696,320,-3.1861705309955175,55.94441515138179,null
72,-3.1861705309955175,55.94441515138179,290,-3.18606792495252,55.94413324359555,null
73,-3.18606792495252,55.94413324359555,280,-3.18601583049922,55.943837801269645,teams.mild.played
74,-3.18601583049922,55.943837801269645,260,-3.18606792495252,55.94354235894374,null
75,-3.18606792495252,55.94354235894374,260,-3.18612001940582,55.94324691661783,null
76,-3.18612001940582,55.94324691661783,250,-3.1862226254488175,55.94296500883159,under.retire.bump
77,-3.1862226254488175,55.94296500883159,200,-3.1865045332350532,55.94286240278859,null
78,-3.1865045332350532,55.94286240278859,200,-3.186786441021289,55.94275979674559,strut.river.surely
79,-3.186786441021289,55.94275979674559,130,-3.1869792773041947,55.94298961007853,null
80,-3.1869792773041947,55.94298961007853,120,-3.187129277304195,55.94324941769966,scale.chair.kinds
81,-3.187129277304195,55.94324941769966,10,-3.186833834978291,55.94330151215296,null
82,-3.186833834978291,55.94330151215296,30,-3.1865740273571554,55.94345151215296,null
83,-3.1865740273571554,55.94345151215296,10,-3.1862785850312516,55.943503606606264,null
84,-3.1862785850312516,55.943503606606264,10,-3.1859831427053478,55.943555701059566,null
85,-3.1859831427053478,55.943555701059566,10,-3.185687700379444,55.94360779551287,null
86,-3.185687700379444,55.94360779551287,10,-3.18539225805354,55.94365988996617,null
87,-3.18539225805354,55.94365988996617,20,-3.1851103502673044,55.94376249600917,null
88,-3.1851103502673044,55.94376249600917,10,-3.1848149079414005,55.94381459046247,rider.mile.lime
89,-3.1848149079414005,55.94381459046247,80,-3.1847628134881005,55.94411003278838,null
90,-3.1847628134881005,55.94411003278838,80,-3.1847107190348005,55.94440547511429,null
91,-3.1847107190348005,55.94440547511429,80,-3.1846586245815005,55.944700917440194,null
92,-3.1846586245815005,55.944700917440194,80,-3.1846065301282005,55.9449963597661,null
93,-3.1846065301282005,55.9449963597661,70,-3.184503924085203,55.94527826755234,settle.title.united
94,-3.184503924085203,55.94527826755234,190,-3.1847993664111067,55.94522617309904,null
95,-3.1847993664111067,55.94522617309904,190,-3.1850948087370106,55.945174078645735,null
96,-3.1850948087370106,55.945174078645735,190,-3.1853902510629144,55.94512198419243,null
97,-3.1853902510629144,55.94512198419243,190,-3.1856856933888182,55.94506988973913,null
98,-3.1856856933888182,55.94506988973913,190,-3.185981135714722,55.94501779528583,null
99,-3.185981135714722,55.94501779528583,190,-3.186276578040626,55.944965700832526,null
100,-3.186276578040626,55.944965700832526,190,-3.1865720203665298,55.944913606379224,null
101,-3.1865720203665298,55.944913606379224,130,-3.1867648566494355,55.94514341971216,null
102,-3.1867648566494355,55.94514341971216,130,-3.1869576929323413,55.945373233045096,null
103,-3.1869576929323413,55.945373233045096,130,-3.187150529215247,55.94560304637803,null
104,-3.187150529215247,55.94560304637803,200,-3.187432437001483,55.94550044033503,null
105,-3.187432437001483,55.94550044033503,180,-3.187732437001483,55.94550044033503,null
106,-3.187732437001483,55.94550044033503,190,-3.188027879327387,55.94544834588173,null
107,-3.188027879327387,55.94544834588173,210,-3.1882876869485224,55.94529834588173,null
108,-3.1882876869485224,55.94529834588173,260,-3.1883397814018224,55.945002903555825,null
109,-3.1883397814018224,55.945002903555825,260,-3.1883918758551224,55.94470746122992,null
110,-3.1883918758551224,55.94470746122992,270,-3.1883918758551224,55.944407461229915,null
111,-3.1883918758551224,55.944407461229915,270,-3.1883918758551224,55.94410746122991,null
